<?xml version="1.0" encoding="UTF-8"?>
<struktogramm fontfamily="83;101;114;105;102;" fontstyle="0" fontsize="15">
  <strelem typ="0" zx="0" zy="0" textcolor="-16777216" bgcolor="-1">
    <text>214;102;102;110;101;32;100;101;110;32;70;105;108;101;32;68;105;97;108;111;103;</text>
  </strelem>
  <strelem typ="0" zx="0" zy="0" textcolor="-16777216" bgcolor="-1">
    <text>80;102;97;100;32;97;117;115;108;101;115;101;110;</text>
  </strelem>
  <strelem typ="1" zx="0" zy="0" textcolor="-16777216" bgcolor="-1">
    <text>87;101;110;110;32;80;102;97;100;32;110;105;99;104;116;32;48;32;105;115;116;</text>
    <fall fallname="74;97;">
      <strelem typ="0" zx="0" zy="0" textcolor="-16777216" bgcolor="-1">
        <text>76;246;115;99;104;101;110;32;119;97;115;32;105;110;32;100;101;114;32;100;97;115;116;101;110;98;97;110;107;32;105;115;116;</text>
      </strelem>
      <strelem typ="4" zx="0" zy="0" textcolor="-16777216" bgcolor="-1">
        <text>65;117;115;102;252;114;101;110;32;98;105;115;32;101;115;32;107;101;105;110;101;32;85;115;101;114;32;109;101;104;114;32;103;105;98;116;</text>
        <schleifeninhalt>
          <strelem typ="0" zx="0" zy="0" textcolor="-16777216" bgcolor="-1">
            <text>220;98;101;114;103;97;98;101;32;58;32;32;102;105;108;101;112;97;116;104;44;32;105;100;44;32;97;108;116;101;114;44;32;112;108;122;44;118;111;114;110;97;109;101;44;</text>
            <text>9;103;101;110;100;101;114;44;32;32;110;97;99;104;110;97;109;101;44;32;111;114;116;44;32;83;116;97;116;117;115;44;32;</text>
            <text>9;110;105;99;107;110;97;109;101;44;32;115;116;114;97;223;101;44;32;72;97;117;115;110;117;109;109;97;114;44;32;116;101;108;44;32;69;109;97;105;108;</text>
          </strelem>
          <strelem typ="0" zx="0" zy="0" textcolor="-16777216" bgcolor="-1">
            <text>83;112;101;105;99;104;101;114;101;58;32;102;105;108;101;112;97;116;104;44;32;105;100;44;32;97;108;116;101;114;44;32;112;108;122;44;118;111;114;110;97;109;101;44;</text>
            <text>9;103;101;110;100;101;114;44;32;32;110;97;99;104;110;97;109;101;44;32;111;114;116;44;32;83;116;97;116;117;115;44;32;</text>
            <text>9;110;105;99;107;110;97;109;101;44;32;115;116;114;97;223;101;44;32;72;97;117;115;110;117;109;109;97;114;44;32;116;101;108;44;32;69;109;97;105;108;</text>
          </strelem>
        </schleifeninhalt>
      </strelem>
    </fall>
    <fall fallname="78;101;105;110;">
      <strelem typ="9" zx="0" zy="0" textcolor="-16777216" bgcolor="-1">
        <text>248;</text>
      </strelem>
    </fall>
  </strelem>
</struktogramm>

